0 100 15 4 101 100 16 15 
6 48 21 15 50 46 23 20 
5 99 23 21 101 97 26 21 
0 47 25 1 47 47 25 25 
8 170 28 43 173 167 33 25 
0 100 28 1 100 100 28 28 
5 49 33 40 53 47 38 30 
0 94 40 56 97 91 45 35 
0 95 58 37 98 92 61 55 
0 13 113 18 16 11 116 111 
0 28 117 12 30 27 119 116 
0 100 15 1 100 100 15 15 
1 48 21 11 50 47 23 20 
3 99 23 16 101 97 25 21 
4 170 28 43 173 167 33 25 
2 49 33 33 52 47 36 30 
0 94 40 42 97 91 44 35 
0 69 45 9 71 68 46 44 
0 95 58 27 98 93 61 55 
0 15 115 17 18 13 117 113 
