5 157 27 23 160 155 30 25 
4 92 42 84 96 89 52 36 
8 156 39 28 158 155 44 36 
0 148 47 6 149 147 48 46 
0 158 47 13 160 157 50 46 
1 90 57 45 94 87 61 54 
0 13 113 18 16 11 116 111 
0 28 117 12 30 27 119 116 
69 126 133 310 141 116 141 125 
2 157 28 17 159 155 30 26 
0 92 40 45 96 90 44 36 
5 156 40 23 158 155 44 36 
0 68 46 2 69 68 46 46 
0 158 47 10 160 157 49 46 
0 91 48 10 92 90 50 47 
0 148 47 3 149 148 48 47 
0 91 57 35 95 87 60 54 
0 15 115 17 18 13 117 113 
57 126 133 303 141 116 141 125 
