6 156 28 29 159 154 32 25 
4 92 42 77 97 89 50 36 
0 154 36 2 155 154 36 36 
7 156 43 33 160 155 50 38 
0 148 47 9 149 147 49 45 
2 91 57 40 95 88 61 54 
0 13 113 18 16 11 116 111 
0 28 117 12 30 27 119 116 
77 126 134 284 141 116 141 127 
2 156 28 20 158 154 32 26 
0 155 36 1 155 155 36 36 
0 92 40 46 96 89 44 37 
1 156 40 14 157 155 43 39 
0 148 47 7 149 147 48 45 
0 68 46 2 69 68 46 46 
0 158 47 10 159 157 49 46 
0 91 48 10 92 90 50 47 
2 91 57 32 95 88 60 54 
0 15 115 17 18 13 117 113 
68 126 134 282 141 116 141 127 
